5 6
1 1 0 0 0 0
-1 0 1 0 0 0
0 -1 -1 -1 1 0
0 0 0 1 0 1
0 0 0 0 -1 -1
5 7
1 1 0 0 0 0 0
-1 0 -1 1 0 0 0
0 0 0 -1 1 0 1
0 0 0 0 0 -1 -1
0 -1 1 0 -1 1 0
9 11
1 1 0 0 0 0 0 0 0 0 0
0 -1 1 0 0 0 0 0 0 0 0
0 0 -1 1 0 0 0 0 0 0 0
-1 0 0 -1 1 0 0 0 0 0 0
0 0 0 0 -1 1 0 1 0 0 0
0 0 0 0 0 -1 1 0 0 0 0
0 0 0 0 0 0 -1 -1 0 1 -1
0 0 0 0 0 0 0 0 -1 0 1
0 0 0 0 0 0 0 0 1 -1 0
10 14
0 0 -1 0 0 0 1 0 0 0 0 0 0 0
0 0 0 0 0 -1 -1 0 1 0 0 1 1 0
0 0 0 0 0 0 0 -1 -1 0 0 0 0 0
0 1 1 0 -1 1 0 1 0 0 0 0 0 0
1 0 0 -1 0 0 0 0 0 0 0 0 0 0
-1 0 0 0 1 0 0 0 0 0 0 0 0 0
0 -1 0 1 0 0 0 0 0 0 0 0 0 0
0 0 0 0 0 0 0 0 0 1 0 -1 0 -1
0 0 0 0 0 0 0 0 0 -1 -1 0 0 0
0 0 0 0 0 0 0 0 0 0 1 0 -1 1
12 16 
-1 -1 0 0 1 0 -1 1 0 0 0 0 0 0 0 0
1 0 0 1 0 0 0 0 0 0 0 0 0 0 0 0
0 1 0 -1 0 0 0 0 0 0 0 0 0 0 0 0
0 0 1 0 -1 0 0 0 0 0 0 0 0 0 0 0
0 0 -1 0 0 1 1 0 0 0 0 0 0 0 0 0
0 0 0 0 0 0 0 0 0 0 0 1 0 0 0 -1
0 0 0 0 0 0 0 0 0 0 0 -1 0 0 1 0
0 0 0 0 0 0 0 0 0 0 -1 0 -1 -1 0 1
0 0 0 0 0 0 0 0 0 0 0 0 0 1 -1 0
0 0 0 0 0 -1 0 -1 -1 0 1 0 0 0 0 0
0 0 0 0 0 0 0 0 1 -1 0 0 1 0 0 0
0 0 0 0 0 0 0 0 0 1 0 0 0 0 0 0